dump 步数 = 48（序号 1..48），按 k=3 分组

   步    选定token      top1      top2   margin       熵
   1       3709         0         1     0.00  12.422
   2     104647         0         1     0.00  12.422
   3      96031         0         1     0.00  12.422
   4     104647         0         1     0.00  12.422
   5     113147         0         1     0.00  12.422
   6      95726         0         1     0.00  12.422
   7      96672         0         1     0.00  12.422
   8     101917         0         1     0.00  12.422
   9      95726         0         1     0.00  12.422
  10     113147         0         1     0.00  12.422
  11      96051         0         1     0.00  12.422
  12      97290         0         1     0.00  12.422
  13     102471         0         1     0.00  12.422
  14     110744         0         1     0.00  12.422
  15      95881         0         1     0.00  12.422
  16     102471         0         1     0.00  12.422
  17     103912         0         1     0.00  12.422
  18       1710         0         1     0.00  12.422
  19       1710         0         1     0.00  12.422
  20      96715         0         1     0.00  12.422
  21       3709         0         1     0.00  12.422
  22      96067         0         1     0.00  12.422
  23       3709         0         1     0.00  12.422
  24     105331         0         1     0.00  12.422
  25     107719         0         1     0.00  12.422
  26      96715         0         1     0.00  12.422
  27      97861         0         1     0.00  12.422

margin: 中位 0.00  p25 0.00  p75 0.00  最小 0.00
熵:     中位 12.42  p25 12.42  p75 12.42
  margin < 0.5: 48/48 = 100.0%（这些位置分支才可能有收益）
  margin < 1.0: 48/48 = 100.0%（这些位置分支才可能有收益）
  margin < 2.0: 48/48 = 100.0%（这些位置分支才可能有收益）
全局（含跨轮边界，会低估粘性）: 相邻相同率 47/47 = 100.0%  游程 {48: 1}  最大 48
轮内（按 k=3 分组）: 相邻相同率 16/16 = 100.0%  游程 {2: 16}  最大 2
对标：dflash2（我们）56.9%/最大 5；参考实现 9.5%/最大 2
